254.9585, -626.5415
419.26898, -94.46865
-230.05397, -726.6867
-510.5102, 290.25046
-100.14922, 491.2694
364.46292, 361.3484
236.52484, 693.7997
-236.61458, -636.72986
-292.96265, -617.41925
189.08418, 692.7222
-45.252174, -542.6352
-56.651836, 156.35966
-232.86632, -509.16452
-59.917572, -621.6402
-307.58047, 55.188435
161.08815, 325.09622
-669.01154, -421.18033
346.42282, -515.21454
-423.3283, -371.83337
-324.31244, -42.01896
349.8208, -375.9801
-605.3494, 105.46281
26.677422, 475.3814
-17.41312, -662.08966
-103.7505, -721.1067
163.1993, -597.9126
-76.92598, 348.68484
-318.759, 652.6363
384.93988, 525.8152
-341.07983, 11.81951
266.54803, -19.488092
9.588895, 631.9575
-240.87091, -275.22104
529.9234, -401.98715
360.82117, 258.6918
140.2546, 104.43598
433.58215, -596.37915
-306.51437, -424.1748
-150.86327, -771.74255
-273.17252, 465.6313
-42.258926, -173.25742
-405.84845, -355.8825
-276.80542, -281.0786
-382.95837, 26.298155
-279.9168, -622.3834
58.95336, -488.31924
-83.52867, -279.25665
787.0871, -93.74426
419.58978, -46.71784
-306.59122, 314.2066
9.474679, -253.27654
639.3429, 159.87225
502.83398, 279.677
389.1161, -511.0322
-275.15155, -411.05045
208.21896, 200.38443
24.502563, -43.03158
-165.12025, 195.1219
-480.66547, -94.316025
-658.7656, -437.03217
177.71046, 73.11227
-224.54153, -46.27643
734.3438, -18.944122
429.65887, -266.53958
-246.81146, 303.93378
-433.93408, 127.78345
-98.96071, 428.67044
170.58318, -152.32957
116.118095, 504.25253
275.3933, 318.0188
-412.71866, 633.33215
-483.9284, 415.74625
-364.8398, 366.49054
230.72783, 95.62856
-106.68514, -598.327
98.78057, 726.52405
-399.19565, -6.5872984
632.6663, 466.9899
513.4551, -464.16336
-57.50805, -693.0919
-158.35922, -556.38605
-366.18613, -441.76456
-534.68756, -243.11305
-250.11732, 411.65405
542.9515, -3.7551162
568.07117, -119.940384
249.66718, -120.21064
-318.70462, -370.18997
-537.73987, -193.53992
-49.26317, 447.52206
-467.30188, -305.42773
422.7107, 406.96426
22.921444, -550.46814
129.43721, -554.7598
-80.768715, 201.71709
0.8486828, -493.43997
625.9886, -460.04272
713.7184, -105.202835
157.44144, 351.9576
197.31178, -32.13288
-151.07263, 12.920084
309.26907, -488.52298
620.9511, 23.330086
-24.438297, 688.94244
-159.06728, 546.43536
519.6201, 347.54715
-543.9289, -144.381
72.3168, 256.5297
586.24084, 137.29774
124.040085, 57.42891
156.03284, -228.90613
-64.029366, -299.67694
446.85837, 62.141632
-452.20444, -220.16331
-135.45369, -140.10141
-130.97137, 587.82214
-273.52695, -677.49146
135.3833, -521.6289
356.80826, 171.20993
275.81613, -267.01996
-148.11975, 347.23837
-90.99326, -308.64322
-235.90323, -377.025
101.676254, -571.66327
222.7073, -724.54083
-447.97714, 454.1221
-718.38416, -120.8103
-78.154655, -500.95035
-196.5809, 316.3826
411.32803, -538.10864
-47.95196, 240.34764
161.63823, -689.1563
678.70575, 150.5504
-97.31083, -354.33414
363.8991, -455.24005
28.507593, 520.2572
-484.79074, -470.09378
209.58174, -426.3541
-342.05435, 692.86664
-203.28012, 561.70996
156.00404, 205.0775
16.565027, 683.40875
712.25104, -223.39804
-41.42317, 544.2662
146.78377, -633.8324
231.52211, 275.9427
22.65654, 184.82843
186.76811, -705.5383
235.66931, 388.5795
99.78885, -345.676
417.44656, 291.39755
622.81, 270.77884
-397.829, -330.09015
35.94486, 378.2017
342.45776, -590.1558
-174.39363, -120.45654
6.061593, -98.74241
-250.90952, -745.2454
-275.9212, -269.99103
-308.6677, -687.75055
-156.11325, -468.40866
211.38904, 552.1468
-415.8968, -39.258793
-179.35287, -273.87546
349.40973, -122.56537
-96.02966, -435.99976
-247.9239, -616.7007
347.77252, 455.02222
140.43622, -700.11346
-282.32486, 186.26479
-693.9287, -67.06607
-296.20825, 495.97302
-279.25262, -248.5087
608.64594, 58.78354
44.92594, 434.3213
539.52576, 132.77365
-89.880516, 35.26791
-362.4777, -108.60572
-177.57336, -594.63544
100.923935, -520.9646
78.378395, 152.63072
-422.97327, -550.9163
550.5763, 178.90344
261.8845, -509.66183
165.20226, 475.39362
561.2049, 309.97076
197.86896, -70.60858
-383.87283, 241.60732
-289.86945, 421.52393
414.9723, -146.51913
40.506634, -127.316956
2.7322881, -694.08136
-50.981537, 25.139528
407.14594, 393.7954
-66.756874, -400.62503
-276.56464, -336.07913
276.28748, -686.12537
182.6566, 223.354
375.4011, 680.18207
9.520766, -606.3542
222.31886, 744.4112
-204.41171, 129.94221
63.3504, -617.8537
107.16203, -215.98239
577.04407, 458.8511
-82.5419, -559.1383
594.381, 81.93183
-257.70883, 262.73016
502.58463, -525.4111
-380.3393, -261.6893
367.0159, 105.618004
246.06813, -487.60468
-196.425, 430.91434
210.95961, 502.9408
76.10553, 403.4901
536.5125, 271.5934
-256.6558, -589.42914
280.4241, 616.1514
91.3098, 108.58293
-89.71397, -118.71125
304.56464, -379.71158
355.17523, -240.20845
245.8782, -327.6334
-363.23816, -351.21457
684.61676, -128.55438
-106.60172, -45.187263
279.339, -419.07532
189.99341, 319.64108
-281.6584, -447.95618
-91.723404, -74.12545
394.1874, 18.823818
66.480064, 476.20947
-197.68698, -269.28522
-104.441185, -3.135992
-68.21507, 282.47577
227.42401, 234.70071
152.45868, -400.63364
54.792736, 130.92345
39.32412, -536.25476
-85.7946, -159.56227
-433.06122, -445.5795
653.92395, -49.868187
-67.83942, -326.46793
-479.7676, 137.45839
672.6494, 182.32787
-322.80618, 184.12341
-392.7346, 46.000065
-324.4842, -435.0224
250.29608, 306.29755
-393.94452, 168.68181
-464.19046, 304.54492
246.97612, 561.3005
409.20947, -6.2786593
-69.91714, 520.9425
45.03741, 569.82544
-158.28587, -524.00793
352.85114, 60.303383
30.946499, 97.87334
422.14862, -495.8989
55.886806, -213.91557
649.74115, 46.66277
-331.783, -145.57396
-273.0359, 385.48755
353.14136, 147.39775
-501.105, -586.8028
699.027, 262.02808
-161.51242, -494.08408
312.96088, -65.052124
361.21643, 304.01096
168.21785, 16.602842
142.30049, 433.09476
-6.212158, 387.17294
-201.10016, -543.4102
-152.17184, 302.62592
170.1544, -543.1394
774.23944, 52.557323
-588.18427, -434.25696
380.01648, 630.3997
124.30705, -259.23605
-338.72382, -373.7055
-15.038493, 656.6063
284.0217, -215.89893
481.87387, 234.79716
117.12975, 396.12704
607.1927, -227.09807
-401.976, -122.306244
-26.567423, -424.41837
-176.29361, -475.15265
-161.33452, 129.67395
-95.23633, 110.74673
-592.2873, 36.65257
27.772327, 609.2329
568.28906, -299.16013
207.4083, -146.3805
-525.5828, -95.54615
299.27347, -119.05016
-417.15057, 41.04532
-690.3515, -108.57879
-452.2125, -139.83406
-84.44731, -632.321
435.99942, -228.70305
-189.75145, -57.402363
378.81668, -379.26984
-193.74286, 170.81271
471.50497, 19.708632
84.926384, -638.86
77.05768, 14.905317
619.7459, 487.40997
73.39601, 643.6758
-46.79835, 593.1415
-67.70207, -483.8075
-607.6891, -5.2973714
698.0288, 6.378071
279.6774, 32.925953
-347.82748, 155.91624
201.55847, -605.0284
171.04868, -669.20465
-236.81271, -75.079414
724.3319, 327.06345
90.24346, 548.65424
500.44345, -479.91638
73.082245, -625.5352
-517.8872, -180.30434
-292.01117, -392.38702
567.26904, -331.62564
133.10248, 358.43542
99.90729, 29.303814
176.33095, 572.32184
435.93085, -440.88184
-176.71765, 595.8294
473.52316, -495.85562
622.99036, 50.249256
329.41043, -453.20795
454.25613, -511.28812
333.66318, -636.94714
-649.0719, -225.0146
438.29294, 396.47455
-159.79839, 396.2472
653.0198, -204.83292
499.70624, -376.69067
662.5453, -232.07797
-118.987946, -648.0513
502.345, -431.63007
293.25766, -446.25247
736.64856, 19.050945
302.97766, -603.29706
-617.18726, 284.0242
-194.04617, 87.373856
304.41434, 347.71027
-327.64194, -241.2551
262.1543, -601.3082
462.3318, -583.8568
44.111683, 312.1753
-47.32676, -649.2765
-186.34949, 650.0749
475.787, 495.58557
370.5984, -476.1554
-85.36136, -485.00476
690.5074, 41.35805
-576.4924, -281.56714
535.87933, -491.15042
-306.90015, -555.56805
430.5261, -616.47046
-265.2598, 231.99048
578.1789, -184.88074
535.99976, 90.99252
779.5843, -73.45891
253.52065, 64.753204
324.42383, 79.561485
233.0034, -624.7084
660.3159, 4.517453
56.907017, -641.68286
211.03618, -535.2588
-152.40802, -32.090553
-133.03307, 97.379364
-577.71643, -43.19363
-688.0252, -134.9627
-562.40125, -165.23003
-153.78357, -85.46081
235.10683, 586.5377
-146.1313, 653.28296
-468.45428, 159.6858
250.03613, -428.30856
-124.11018, 51.473694
780.04987, -0.42759916
690.35895, -88.07311
242.67767, -741.34033
687.1716, 132.50623
654.6747, -278.7881
507.69357, 308.46597
175.25937, -648.69415
14.859715, 42.298714
11.1039915, -588.4068
-769.1322, -25.354908
588.3227, 417.73303
-448.05258, 87.696075
-510.90442, -161.87186
-228.85208, -609.17084
-677.9776, 235.31496
-412.47385, 80.96003
-62.203342, 485.2341
546.9298, -464.4547
605.5678, -173.00078
-259.09277, -475.89703
-487.15982, 198.14417
284.89752, -498.22043
85.52957, -620.42365
-448.80756, 386.6261
576.6659, -285.87912
75.39709, -384.39996
496.84637, 255.30359
-300.99182, -303.0835
688.1995, -337.99265
447.60294, -334.76614
470.7355, 411.21597
280.27322, 168.34369
-264.55765, -617.5008
463.52258, 327.23602
790.1055, 26.506332
177.23354, -443.15793
-233.75526, 114.04039
565.62946, 143.2865
321.96048, 301.9461
-8.032475, 605.5269
58.381012, 718.178
677.6587, -38.067524
55.698452, 606.8161
673.9943, 92.35187
423.02734, -415.96814
-17.754042, 285.44482
280.19916, 276.58304
524.33936, 379.63974
-290.87506, 280.05652
537.96027, -296.6758
-428.60202, 12.103152
-573.15845, 100.76458
624.0587, -10.467697
-144.39853, -542.47394
87.622444, 594.595
631.11487, -189.64182
-14.574049, 117.49999
85.492294, -692.2416
703.62976, -41.467663
264.61713, 234.44862
466.98578, 370.1349
101.39637, 300.4
660.0705, 135.19572
269.22223, -482.06815
499.60452, -587.1183
2.9812665, 554.6794
592.07556, 344.68613
287.1322, -537.4639
24.297066, 730.9035
75.62281, -435.37845
575.57965, -480.29483
327.80768, 557.0539
706.40936, 159.55986
-290.07202, -661.7969
166.05511, 530.448
664.9146, 283.1987
-634.46375, -20.911528
780.10864, -39.341587
-31.728756, -301.63306
759.4636, -113.37172
462.1628, -404.3118
99.01609, -607.26385
-464.445, -260.2154
394.97382, 283.04755
-18.634846, 491.8576
189.44763, 351.38818
-530.04376, 227.58148
317.41336, 518.91364
-213.66708, -747.3294
-100.54471, 545.1526
-531.38, 113.80986
139.2546, -574.5352
-505.02963, -337.16
379.55127, -355.3935
-226.58522, -318.55075
-402.23178, -75.51526
42.668476, -574.44025
286.53882, 466.57916
-361.3582, 646.52875
-212.73943, -597.501
637.56335, -151.71423
111.1814, -631.72626
436.506, -482.62653
463.98224, -24.61755
-263.19614, -512.1157
498.83994, 454.6738
183.87329, 734.20776
1.6872841, -519.5664
454.04398, 218.11281
-232.29596, -756.749
308.10846, 442.2321
649.6415, -111.40761
630.76935, -89.99433
2.8120615, 227.32799
-191.74934, -496.34778
-186.11337, 225.08363
628.19836, 77.25934
-175.0644, -575.05975
619.4697, -53.742596
300.7037, 117.005455
-246.63643, 544.1917
276.35965, 490.80853
489.70975, 355.23257
88.68603, 352.0214
-138.28018, 439.42096
104.75586, -407.9542
-372.01947, -44.43389
75.390335, -603.38824
574.5544, 40.63116
590.59467, 502.69327
286.19763, -156.14064
-406.1737, -275.7208
263.1639, 421.39105
159.47891, -742.9711
251.56699, -166.8083
66.40218, -557.2833
247.50789, -390.53122
240.38046, -655.26385
-207.59215, -766.0707
126.03728, -438.1316
43.247654, -409.50235
609.5748, -397.29205
-462.78928, -337.3458
451.42737, -485.82785
-333.10516, -294.67514
201.41356, -635.3168
131.7591, -538.16376
603.62585, -204.10783
-297.5676, -645.76434
513.0644, -255.50139
-269.19778, -644.15015
674.8258, -101.41157
27.409468, -516.2332
-258.84665, -310.38443
133.31317, 574.0805
574.24506, 110.07298
66.65532, -582.1183
547.59265, 476.7872
187.28944, -580.1669
190.7856, 424.3927
476.9866, -335.13547
202.39845, 462.36038
395.3506, 326.4142
284.4812, -577.9645
-361.7318, 65.45011
495.07794, -298.45026
-235.48592, 82.67055
-104.97328, 378.89545
447.87216, -466.24716
724.1013, -159.44641
429.6106, 366.35876
737.1002, -273.91525
-299.77444, -384.0569
561.8984, -259.40924
20.418386, -573.18005
348.27704, 206.67867
201.97961, 588.6432
544.35724, 61.73782
94.53337, 440.91037
625.79675, -109.58498
412.43988, -372.82608
629.34375, -224.02179
-53.252842, -607.4151
-263.49884, 494.41367
527.8753, 239.44449
-503.215, -28.41721
230.36159, 463.17996
506.7513, 488.69308
286.0995, 685.85767
-604.4032, 77.19738
620.367, 121.72497
345.51532, -550.26654
619.26996, -123.96119
506.63745, 212.34302
-145.2674, 257.12033
408.54523, -462.23007
264.86105, 453.7561
-549.2022, -113.31757
224.46263, -570.05505
452.28732, 111.50865
693.73, -65.02898
662.4222, -74.75619
-294.8331, -410.13098
-323.41974, 110.51764
266.5747, -350.85223
-149.48105, -582.1144
310.7451, 247.82492
-85.31488, 458.17834
456.4755, 161.62427
515.378, -173.5621
327.87582, 407.66846
-416.85938, 420.45212
284.1849, 546.1207
-282.41934, -696.2949
-202.5754, 518.5467
583.532, -227.91669
474.30246, 263.61853
551.43024, -170.91626
441.5327, 425.6497
-400.06107, 377.14374
479.2926, 285.11646
302.31476, 481.3953
340.52255, 341.77768
589.0964, -72.43811
-235.29814, 347.46707
489.8324, 80.15896
441.10132, -497.6796
353.16803, -340.77612
473.47397, 246.5776
-228.43408, 687.1452
456.62656, -303.52423
59.681778, 537.32794
325.2711, -167.4216
541.68774, 366.84415
545.1457, -212.15788
-30.23531, 407.89215
566.5788, 250.44684
146.02963, -489.50552
648.9095, -28.999733
201.57188, -493.44843
263.5377, -455.34854
333.36383, -406.0778
130.02473, 255.28604
347.48685, -486.09464
515.00977, 41.597763
584.4566, -19.30501
565.8141, -147.81735
250.23276, 641.485
599.13446, -99.85141
-120.283394, -495.25287
533.485, -134.14528
264.74805, 195.57184
-303.26196, -629.1239
-546.5008, 552.1871
-381.01886, -237.89413
608.1203, -256.53784
475.33252, -465.0854
215.42296, 359.5313
-232.17094, -347.41983
221.63416, -604.42773
561.62506, -57.389854
-291.30423, -581.6082
486.67288, 184.3335
605.05646, -362.90982
127.0997, -603.3488
416.46375, 253.74223
-7.38693, 447.37454
243.48132, 189.86473
-223.00388, -190.0235
118.10791, -380.47803
496.91843, 122.25515
59.78344, 184.0205
166.4739, -772.8232
76.75053, -768.87885
596.4792, -140.71523
-188.15039, -462.11508
455.1018, -366.70325
63.383984, -268.36343
413.7637, -320.3145
498.46725, -212.102
-409.1112, -308.79538
-211.52113, -234.48518
563.9439, -93.046326
463.95145, -176.87454
-85.76322, -242.48952
311.8126, -418.51633
531.548, -91.21449
-437.31638, -292.79532
-269.2863, 648.2396
-13.159063, -563.82245
-279.4089, -300.56693
234.50066, 217.60594
497.33545, -85.852455
-309.38846, -313.7029
222.93974, -351.58017
237.25027, 432.55682
706.8093, -82.19201
-67.059975, -444.2059
-279.9644, 436.09894
301.52, 203.84636
501.2862, -114.69297
46.509167, -547.3006
438.43265, 6.76403
-39.997375, -791.6403
-249.18497, 47.575554
-309.94867, 154.8642
-43.440914, -619.447
-496.18918, -214.62436
217.74583, -654.31836
177.7292, 284.2794
632.2866, 193.7187
-126.88849, 411.93552
169.34859, 614.6741
468.72287, -521.53107
316.4443, -687.2011
-428.97888, -331.87085
672.06433, -398.37897
-334.2673, -587.13617
9.02125, -623.2408
-617.5647, -404.82373
224.0655, -451.0826
-275.8238, -491.21298
-193.60353, -311.1565
196.16713, -674.4942
-395.4965, -398.42383
-117.8761, -266.8657
-197.40187, -586.3191
308.94785, -253.7283
161.49818, 383.1053
21.145533, -449.598
-370.40036, -213.23067
-21.76767, -685.8246
-314.93198, -498.2863
15.552345, -655.6952
-36.74538, -674.29736
-264.6502, -381.50754
-396.25284, -470.29007
-386.90332, -583.2405
-255.24712, -543.0497
58.966644, -527.84753
321.10312, 159.92812
473.32016, -269.35995
-297.93903, -603.61847
377.2071, -278.5398
-198.42259, -615.5436
231.76895, 332.61603
-248.592, -701.5398
-299.354, -356.08832
-33.098232, -466.00885
168.32944, -364.1772
-371.10202, -584.40845
-48.34432, -582.8156
328.2174, -494.44263
52.52917, -337.40732
418.12476, 191.62979
-254.01701, -492.01056
236.80194, -524.56464
-252.01744, -167.54185
393.57468, 151.43501
53.394623, -677.8364
229.54326, -420.06253
100.2581, -474.08295
427.8846, 131.11
372.55368, -418.418
-17.340534, -606.2209
-27.455833, -504.16354
-215.02072, -406.86304
324.16196, -345.2532
-105.492935, 652.0846
-188.54608, -362.1842
-84.7497, -521.324
184.06258, -612.04144
454.99518, 257.80612
300.67853, -432.4682
251.74449, 529.81335
-225.69505, -580.9737
-145.0098, -423.7524
298.64276, -335.41956
-608.4248, -194.69342
310.368, -12.07951
-297.82834, -274.973
-286.59674, -547.9828
199.21887, -393.7019
-281.09995, -561.2752
415.1051, -199.82436
-56.003983, -510.5709
2.1990173, -536.4303
-295.5649, -145.2616
26.520887, -487.9713
327.59128, -306.49277
501.34686, -3.438542
377.99985, -332.45868
389.74323, 58.91071
568.445, 82.11051
511.19318, -47.50182
196.40054, 243.22905
-61.05642, -353.15262
-226.8129, -464.6307
465.54138, -234.51775
273.40686, -300.5345
389.33963, 217.72076
371.22058, 25.406559
173.22192, -276.14688
412.62106, 101.448875
363.98495, -14.422298
2.3477159, -401.83636
365.57785, -314.2407
-407.7724, -176.26721
223.4639, -304.63135
333.17853, 124.10878
185.80734, -326.4215
418.58884, 28.456978
363.81696, 135.83252
-97.21758, 248.02225
386.887, -113.29113
366.71307, -199.78947
493.5547, -144.2564
483.30765, 58.01314
461.89398, -121.95267
4.780962, -187.38107
461.48544, -73.654396
171.20752, -66.037766
264.96695, -195.74089
334.68655, 30.871195
267.3153, 354.91772
-294.48975, -371.94382
328.52017, -211.09048
-261.39612, -151.179
138.27313, -318.75693
32.902775, -377.84274
244.99933, 207.31674
369.6692, -158.94632
-309.19385, -615.80414
252.81735, -243.98557
392.6742, -237.79362
-165.31807, -339.75015
505.72537, 166.53789
-131.61707, -533.57745
89.00542, -296.20578
-377.1828, -305.19754
-357.77716, -268.26953
371.5358, -71.8509
-297.85144, -484.98972
-134.68216, -314.1554
-10.503761, -59.406075
-162.80275, -283.00232
-161.89072, -240.13509
138.39565, -357.83945
-45.6108, -97.16741
-170.92139, -434.85635
15.020998, -352.3507
-391.43307, 333.7799
-18.45891, -528.7197
-542.4517, -60.34953
-417.73285, -228.38823
270.1669, -54.61296
-298.15247, -317.50665
202.39201, -230.72629
-270.24893, -569.55646
-331.20477, -473.27368
-355.4841, -76.21392
-579.82465, -269.57306
0.23862746, -316.24167
-145.16402, -273.6845
-277.05023, -192.13364
-427.089, -475.89993
-512.0855, -244.91133
-508.37866, -433.7047
-554.3054, -300.68417
-122.49453, -400.16702
84.615524, -250.20116
-529.87585, -159.48444
-330.67764, -184.75089
-317.9149, -336.19385
-24.852543, -362.20737
26.320211, 266.6968
-340.19458, -126.215836
-41.899796, -265.05682
-130.33499, -445.63998
221.00908, 38.6075
211.39044, -99.169975
-522.16656, 205.0268
164.32808, -111.92523
-593.73254, 196.39575
-632.8063, -76.4769
-57.81984, 110.94279
657.2855, -182.69443
-653.79364, 157.97546
-599.0666, 496.3119
293.6163, -470.32315
-357.2525, 477.3905
82.87536, -663.6883
516.7314, 245.435
-609.62244, -49.203876
720.3372, -312.7466
600.61176, 168.46411
497.0387, 380.43872
-271.2, -697.157
360.11038, 551.44763
708.43256, -19.95622
-354.58353, 411.36795
303.80618, 723.0144
-271.80676, 420.54218
-322.49014, 405.5405
-378.85214, 413.59122
377.9253, 293.38828
430.76013, -520.44855
-514.7804, -346.80557
121.55266, -672.2446
-502.47247, 237.02922
579.9203, 332.07928
-355.83432, -506.6368
-220.10797, -704.9375
-443.78708, -632.08575
550.3796, 225.99818
-310.75214, -394.79752
637.6992, 425.26126
-110.500305, -536.93396
-642.23926, -140.47937
-408.85632, -664.315
-255.96988, -416.19937
-573.574, -202.44203
-367.59793, -247.36241
85.70207, -33.12537
-512.0599, -273.98468
-199.94453, -158.73927
-610.781, -290.16714
-534.3613, -216.34671
-387.3605, -619.55035
-363.9379, -148.29443
-489.7395, -325.8481
-534.0997, -288.78796
-343.82248, -401.59848
-389.75198, -232.2952
-296.10178, -519.5925
-87.6403, -465.2014
-539.53015, -127.010735
-22.67686, -216.08354
-340.61273, -325.2463
-231.08334, -140.38377
218.1671, -187.0402
-246.47014, -434.72046
177.8118, -188.2508
-66.76681, -532.18994
-121.31792, -197.79431
-489.55457, -166.94937
-314.58267, -413.31525
-170.77687, -184.41989
-166.36334, -395.2179
-2.4363008, -146.05296
-465.33182, -440.7792
-240.52452, -314.87485
-317.51892, -96.05773
-145.31853, -361.2108
-580.85754, -133.63826
-249.40492, -226.79312
-291.8009, -224.64374
51.808964, -79.208374
36.416447, -170.93655
-56.179855, -227.95328
117.08673, -124.96277
-117.27039, -234.34923
-283.88956, 5.158916
-75.380325, -201.66936
46.885696, -252.16257
-457.9853, -187.37192
-55.521492, -139.86607
86.29356, -165.61455
42.05541, -7.252257
-39.84052, -324.09882
39.328773, -289.6988
15.106105, -214.9489
113.9618, -187.21216
-510.8798, -133.2263
142.04405, -74.30788
161.76726, -341.28534
243.85268, -203.3942
-465.66733, 78.23979
104.42622, -82.57586
286.22, -185.541
326.1322, -99.50219
216.95836, -267.87238
-428.49167, -256.83557
-205.60875, -98.0152
271.8037, -86.08273
339.79443, -91.66598
135.97104, -187.36485
-375.749, -276.93066
144.28795, -33.725613
141.449, -153.1506
-367.50513, -181.02509
-6.911315, -11.100592
204.72575, 4.1195893
-270.5739, -49.86541
78.68542, -117.08257
207.586, 306.35434
236.19957, 154.23734
237.32231, -31.918827
100.17861, 206.48701
279.43198, 83.30685
268.9458, 112.986755
183.27861, 132.30421
-543.6117, -175.0951
-56.597897, -38.416027
-229.46136, 204.73233
-178.00659, -146.24854
-111.426476, 154.72916
118.19254, 6.9181924
127.76814, 154.67854
234.77571, -64.32992
-358.55374, 390.89554
-351.5035, -23.724024
-77.135124, 71.29481
-426.99802, -307.5363
-28.490988, 73.71676
140.07182, 300.36737
-323.6411, -129.0808
-282.4043, 333.71585
-497.55646, -247.1465
-463.80292, -0.046226278
-469.2811, 236.87735
-434.37653, -203.0674
-535.41394, 9.076083
231.99825, -5.1430125
-539.9677, 67.97567
-183.42398, -1.9542952
-568.80786, 182.04428
-264.3649, -103.05422
46.458336, 217.14044
68.616585, 60.328922
-436.44934, -97.94677
-498.82095, -62.97077
-379.37225, 119.359344
-281.03482, 134.82574
-440.38318, 165.98297
-343.02512, 266.71902
167.07713, 241.10826
-568.92236, -79.978645
-733.44794, 8.755629
-560.96094, -241.24431
-701.8974, 33.232464
-125.42889, -58.566414
-603.3712, 245.62265
-181.14421, 273.39575
-431.48962, -17.006124
-10.716863, 161.34871
-446.53912, 32.615936
-433.26443, 208.10153
-358.0526, 198.64381
-115.239204, -99.28955
666.2262, -145.23834
125.36202, 462.7835
35.387733, 631.6153
-371.8004, 601.2179
-151.72337, 175.09128
23.690735, 709.57623
-351.30185, 342.6411
145.59619, 406.53998
-243.70712, 155.96024
-30.725222, 373.14725
227.40005, 611.3635
173.33649, 764.85455
674.91125, -415.6788
-272.066, 91.6474
-66.221886, 625.26
526.7968, -461.23987
-443.13687, 504.12604
625.31793, -485.39465
290.94186, 392.7806
-66.99953, 408.50925
597.4412, 8.237702
717.991, 206.69824
453.9885, -532.9927
382.1319, 598.19037
-125.358444, -562.3035
175.91899, -625.52277
728.9052, 74.768425
313.86496, -724.4302
501.16632, 586.7504
516.7306, -332.7921
257.20984, -547.1697
463.0123, 544.98505
517.1652, 412.31848
753.22144, 162.73206
-181.81421, -757.48566
751.6474, 121.0196
637.9772, -422.56104
740.40295, -238.7669
-382.30548, -546.7966
-478.54962, -396.9567
-369.1973, -478.25296
-545.4096, -578.0617
280.5718, -722.3824
-397.2156, -578.8354
436.3237, -560.1489
-403.94614, -441.91452
-536.2469, -585.1084
-573.23834, -328.65054
-458.33292, -592.0383
-526.2114, -316.76874
-781.8159, 61.74114
-290.8959, -631.5575
-699.2387, -19.645784
-514.49756, -383.85672
-657.61053, -47.793915
-244.58417, -668.0806
-432.07028, -387.40265
-733.9214, -245.04803
-450.1524, -368.4383
-449.6813, -489.60895
-607.1046, -169.71509
-391.72055, -247.95512
-681.69086, -254.74382
-490.2124, -357.96945
-495.266, -300.72388
-440.95737, -413.2156
-557.2718, 37.02901
-705.24176, 91.92265
-553.0308, -272.1464
-498.67584, 8.472127
-540.6236, -357.89786
-454.1967, -467.97726
-669.0539, -382.3495
-548.3417, -35.13068
-198.22314, -27.331697
-647.0017, 98.46773
-578.8003, -20.944946
-487.52615, 48.825665
-662.43085, -94.79739
-437.86197, -66.50668
-424.51663, 160.25067
-443.9836, -39.848026
-397.89667, -47.54037
-623.573, 373.0018
-522.9703, -63.14907
-597.3167, 150.85333
-443.72693, 59.791805
-424.86194, 172.33334
-698.24786, -338.2205
-470.40665, -52.739227
-576.9903, 67.14999
-625.2478, 457.58087
-119.86451, -78.17017
-741.7896, 52.679893
-168.83, 48.140316
-646.05084, -253.0349
-483.50278, 105.345825
-533.7073, 388.53412
-565.02155, 147.86319
-613.19995, 132.66652
-368.73837, -14.161182
-132.97667, 212.67532
-179.24268, 23.875114
-228.03029, -1.0371838
26.0589, 146.13206
-107.12138, 86.45343
-536.8174, 267.8855
-606.3272, 411.61844
-316.8311, 227.64288
-204.05435, 39.67789
-154.52693, 77.29677
-436.43408, 267.63315
-34.12157, 196.22304
-387.8221, 299.86008
-457.49103, 340.9223
-227.03262, 639.51276
-676.3316, 367.1277
-487.47836, 274.0882
274.72226, 137.51578
-397.7512, 459.95447
-123.08353, 280.80545
0.41924933, 370.6168
-336.1455, 307.87073
-410.17493, 337.5688
-51.79941, 325.4935
-338.0209, 368.8361
-431.26675, 336.6371
-522.9654, 317.9107
-321.00272, 343.403
-564.8549, 397.2383
29.16963, 651.88605
2.1919928, 78.37444
-225.46298, 260.12137
71.04188, 513.6634
-203.39444, 616.0752
-431.91876, 313.54626
-220.61252, 293.36945
-5.025614, 339.8042
5.5287514, 415.22168
-99.94882, 280.439
-529.7063, 516.27295
128.93338, 322.42645
-247.92436, 445.2214
-352.5942, 437.64847
-69.025734, 571.2932
-187.91647, 359.3415
-541.76135, 371.83902
-236.18318, 599.4782
-293.21994, 555.59924
-16.555506, 575.2324
-103.90672, 319.08688
195.09637, 383.45413
-216.2495, 398.38113
-89.02064, 595.63354
-378.41385, 345.83957
-308.2309, 459.18008
306.3631, 560.42145
-154.31596, 488.42145
-181.38162, 702.5871
47.69088, 677.71265
326.62433, 268.72736
-35.667343, 625.9568
14.66747, 451.27005
-200.89482, 462.10162
-61.133396, 369.10406
358.39285, 436.05658
277.74478, 583.525
649.1976, 456.62036
-393.4511, 505.51474
-354.84555, 515.12
436.89084, 413.0457
-6.849524, 719.87885
222.03334, 666.735
148.3729, 663.0802
446.2446, 286.97168
357.59045, 324.5427
-373.8737, 552.22473
261.03946, -572.27185
367.68893, 492.246
403.3339, 466.53415
534.76587, 322.38147
328.28467, 593.6033
332.7988, 375.412
368.6628, 404.08716
408.31683, 430.0525
756.60455, 225.52116
437.76724, 598.06104
553.7386, 393.66327
669.65857, 378.65045
566.3544, 536.396
545.27716, -420.61426
517.30414, 524.7977
718.23645, 123.08554
760.7185, 203.23918
699.91925, 301.6135
691.004, -299.80338
657.7987, 234.89146
663.64856, 324.09946
541.86487, -445.39957
601.67206, -301.16006
605.36066, -469.7684
651.47394, -455.20248
637.82086, -327.5853
764.8463, -178.06226
651.64795, -371.3358
757.68176, -206.43268
602.13495, -331.20456
538.6318, -558.40753
605.3269, -498.62552
494.9878, -619.09705
474.40723, -554.9483
559.8338, -460.778
462.88745, -621.3294
312.3532, -515.64795
48.731937, -790.0986
154.80327, -721.66187
322.17096, -538.7884
238.10852, -696.2539
120.8985, -715.8042
-112.564285, -629.2442
86.67235, -724.7798
-227.07965, -687.72687
-66.17346, -769.8613
-334.42758, -536.576
-327.53424, -507.71985
-333.82874, -643.8714
-280.17697, -605.3882
-145.49524, -683.46625
-149.988, -731.8088
-510.83698, -501.55823
-199.0836, -661.4856
-756.08954, 149.916
-715.2853, 148.87192
-422.75546, -582.3245
-563.6675, 236.611
-712.89374, 289.8097
-482.23856, -622.4506
-733.39215, 233.11613
-455.292, -554.5184
-610.4326, 165.88582
-529.9326, 144.00507
-630.75037, -453.57202
-545.7328, 235.66417
-550.124, -500.39252
-616.2824, -215.75867
-525.1756, -199.82912
-556.2334, -454.0935
-463.9465, -482.9068
-681.4446, -176.12627
-623.2459, -245.58476
-541.0642, -426.66464
-663.83844, -303.75476
-524.1761, 39.572517
-717.35425, -292.77612
-630.27576, 54.280697
-514.0159, 88.93438
-630.47577, -343.01767
-673.92505, 58.480656
-760.9792, -139.99884
-689.0576, 190.50783
-774.0147, 160.84296
-651.23303, 215.64323
-718.5092, -155.19283
-622.3095, 322.46054
-529.39417, 175.58127
-776.62384, 142.00572
-654.79645, 270.74387
-504.51184, 146.10297
-624.50995, 187.92416
-553.68835, 205.89815
-428.93298, 355.93176
-569.54364, 344.0882
-498.58536, 537.3557
-310.65396, 369.7967
-670.1479, 317.57193
-486.51956, 323.6576
-500.9415, 367.88342
-556.76385, 487.8667
-330.00327, 500.0905
-412.25073, 581.8002
-225.1353, 489.55106
-507.5562, 427.77982
-288.2537, 598.316
-173.72879, 435.78537
-187.09512, 419.5269
-486.56082, 450.8959
-310.50604, 495.74173
-330.92078, 577.8361
-333.9076, 538.50903
-214.8417, 435.03345
-295.2311, 519.96497
-116.633, 784.02216
-242.72955, 735.7972
-332.03745, 618.77094
-125.62691, 515.4531
-150.30182, 679.7345
-49.526104, 389.07605
-194.04732, 749.0225
-145.09622, 624.91516
-154.6473, 724.0425
-142.051, 759.53064
-56.088253, 509.05774
-88.06709, 756.1431
-56.529324, 659.1812
10.060631, 581.04553
-117.422516, 709.6371
-67.709785, 786.5911
87.691345, 766.6511
200.63588, 649.81433
245.14345, 487.37128
141.0905, 717.21326
111.960754, 657.5307
-59.71784, 707.3496
136.74094, 766.9048
208.71988, 618.2841
-31.583376, 768.9016
98.527824, 688.32874
29.284502, 768.99255
120.94899, 624.6031
328.6365, 476.44626
360.83798, 708.1125
265.89606, 729.98145
281.28986, 521.1974
333.96375, 698.81165
393.29318, 370.38287
362.44705, 339.42868
304.17468, 639.2928
354.04706, 521.7994
352.47382, 639.57825
377.65918, 446.19965
430.51474, 336.97266
408.67154, 553.83813
448.22147, 642.2615
406.81723, 644.2564
475.34103, 622.45734
573.7974, 444.56033
424.5483, 505.17023
541.15424, 564.72186
446.66837, 457.5577
551.258, 431.10538
730.0569, 303.29227
614.6627, 317.98203
568.8252, 357.9109
548.06506, 337.09323
602.10706, 456.14215
639.99744, 346.00858
613.24243, 374.1776
700.8883, 342.39386
735.81604, 283.24573
582.59357, 276.3369
756.2276, -20.611107
598.51544, 226.67502
737.58484, 250.61844
776.8368, 128.54324
773.1698, 95.12864
772.6119, -151.8871
735.7101, -59.491657
698.83234, -252.624
673.7984, -162.38464
690.2304, -171.58136
712.93243, -285.40445
686.74976, -228.15814
688.6508, -199.87195
728.44104, -204.22983
737.22876, -294.0288
687.9864, -378.6434
641.78485, -461.4015
564.45807, -390.28857
458.73294, -439.55786
533.9324, -382.3463
539.3322, -359.88635
635.64325, -473.55228
572.0513, -522.56323
371.71576, -618.4815
263.8356, -528.3957
583.32117, -437.0255
372.24646, -594.2146
387.34653, -562.9976
403.2634, -604.12506
273.92563, -559.9199
281.2659, -645.6926
383.1517, -641.5288
418.9247, -649.2822
311.28854, -563.8256
156.96753, -662.4289
370.60162, -676.82947
24.41651, -687.8517
131.48154, -760.36597
25.450825, -774.7927
-14.694027, -638.7778
194.19862, -745.72864
37.43126, -609.6349
-20.069426, -729.0254
-15.191037, -778.85187
-72.33502, -601.5679
39.14607, -726.0896
-115.455666, -769.3349
-151.90576, -624.7761
-96.5001, -671.6494
-63.119118, -729.1874
-220.52219, -763.5428
-188.68112, -713.0382
-210.0049, -694.35614
-280.86462, -724.354
-339.96674, -707.89734
-434.77783, -664.024
-369.14606, -682.4034
-390.47314, -500.91373
-427.28012, -516.58295
-556.68774, -552.4009
-568.0632, -360.16928
-476.03488, -511.76352
-578.16516, -528.325
-519.3917, -537.46063
-519.88477, -474.5991
-527.64734, -405.23245
-598.45404, -490.4507
-592.7034, -365.66904
-598.56024, -454.8422
-589.66235, -246.6341
-571.2719, -295.20334
-562.8433, -399.53485
-702.4246, -213.6607
-647.44385, -271.8859
-614.7116, -102.20037
-673.25555, -209.98305
-747.2332, -192.57811
-639.2894, -189.07823
-726.8142, -95.00463
-727.9493, -53.943203
-704.2146, -93.12266
-765.94604, -84.56356
-778.5945, 25.132383
-573.20355, 3.758172
-655.1308, 13.987194
-680.98865, 124.743095
-762.54846, 103.57134
-755.4062, 185.924
-691.6755, 221.79195
-678.6245, 413.63785
-720.2673, 191.53311
-746.8114, 271.84595
-581.339, 292.9216
-692.4671, 250.13089
-683.54095, 403.3999
-709.89557, 335.77383
-604.5889, 350.8942
-649.5244, 414.9067
-578.3625, 529.6647
-546.8438, 423.968
-576.4036, 444.73865
-455.80835, 419.08078
-526.59534, 451.83408
-521.25104, 410.26114
-445.602, 654.27
-493.60727, 491.31683
-319.37195, 519.30084
-508.48654, 583.2071
-385.21744, 680.7101
-469.2602, 528.1991
-466.14703, 616.25665
-299.25214, 674.5174
-458.09988, 562.91406
-417.39334, 541.0643
-412.57504, 673.12115
-290.04965, 711.1801
